100
0 1 7
0 2 14
0 3 2
0 4 3
1 5 4
1 6 15
1 7 9
1 8 2
2 9 8
2 10 5
2 11 12
2 12 10
3 13 4
3 14 1
3 15 6
3 16 8
4 17 13
4 18 11
4 19 9
4 20 5
5 21 1
5 22 2
5 23 3
5 24 4
6 25 8
6 26 7
6 27 6
6 28 5
7 29 10
7 30 12
7 31 14
7 32 1
8 33 15
8 34 9
8 35 3
8 36 6
9 37 13
9 38 11
9 39 7
9 40 4
10 41 2
10 42 5
10 43 6
10 44 8
11 45 3
11 46 4
11 47 7
11 48 9
12 49 12
12 50 10
12 51 8
12 52 6
13 53 5
13 54 1
13 55 2
13 56 3
14 57 7
14 58 8
14 59 9
14 60 10
15 61 15
15 62 12
15 63 9
15 64 6
16 65 4
16 66 1
16 67 3
16 68 5
17 69 9
17 70 11
17 71 13
17 72 15
18 73 5
18 74 7
18 75 9
18 76 11
19 77 3
19 78 4
19 79 5
19 80 6
20 81 12
20 82 10
20 83 8
20 84 6
21 85 4
21 86 2
21 87 1
21 88 3
22 89 11
22 90 13
22 91 15
22 92 9
23 93 7
23 94 5
23 95 3
23 96 1
24 97 10
24 98 12
24 99 14
25 26 15
25 27 14
25 28 13
25 29 12
26 30 11
26 31 10
26 32 9
26 33 8
27 34 7
27 35 6
27 36 5
27 37 4
28 38 3
28 39 2
28 40 1
28 41 15
29 42 9
29 43 8
29 44 7
29 45 6
30 46 2
30 47 1
30 48 3
30 49 5
31 50 10
31 51 12
31 52 14
31 53 15
32 54 6
32 55 5
32 56 4
32 57 3
33 58 15
33 59 14
33 60 13
33 61 12
34 62 7
34 63 6
34 64 5
34 65 4
35 66 1
35 67 3
35 68 5
35 69 9
36 70 14
36 71 13
36 72 12
36 73 11
37 74 8
37 75 7
37 76 6
37 77 5
38 78 4
38 79 3
38 80 2
38 81 1
39 82 15
39 83 14
39 84 13
39 85 12
40 86 9
40 87 8
40 88 7
40 89 6
41 90 5
41 91 4
41 92 3
41 93 2
42 94 15
42 95 14
42 96 13
42 97 12
43 98 11
43 99 10
43 25 8
44 26 7
44 27 6
44 28 5
44 29 4
45 30 3
45 31 2
45 32 1
45 33 15
46 34 14
46 35 13
46 36 12
46 37 11
47 38 10
47 39 9
47 40 8
47 41 7
48 42 6
48 43 5
48 44 4
48 45 3
49 46 2
49 47 1
49 48 15
49 49 14
50 50 13
50 51 12
50 52 11
50 53 10
51 54 9
51 55 8
51 56 7
51 57 6
52 58 5
52 59 4
52 60 3
52 61 2
53 62 1
53 63 15
53 64 14
53 65 13
54 66 12
54 67 11
54 68 10
54 69 9
55 70 8
55 71 7
55 72 6
55 73 5
56 74 4
56 75 3
56 76 2
56 77 1
57 78 15
57 79 14
57 80 13
57 81 12
58 82 11
58 83 10
58 84 9
58 85 8
59 86 7
59 87 6
59 88 5
59 89 4
60 90 3
60 91 2
60 92 1
60 93 15
61 94 14
61 95 13
61 96 12
61 97 11
62 98 10
62 99 9
62 25 7
63 26 6
63 27 5
63 28 4
63 29 3
64 30 2
64 31 1
64 32 15
64 33 14
65 34 13
65 35 12
65 36 11
65 37 10
66 38 9
66 39 8
66 40 7
66 41 6
67 42 5
67 43 4
67 44 3
67 45 2
68 46 1
68 47 15
68 48 14
68 49 13
69 50 12
69 51 11
69 52 10
69 53 9
70 54 8
70 55 7
70 56 6
70 57 5
71 58 4
71 59 3
71 60 2
71 61 1
72 62 15
72 63 14
72 64 13
72 65 12
73 66 11
73 67 10
73 68 9
73 69 8
74 70 7
74 71 6
74 72 5
74 73 4
75 74 3
75 75 2
75 76 1
75 77 15
76 78 14
76 79 13
76 80 12
76 81 11
77 82 10
77 83 9
78 88 4
78 89 3
79 90 2
79 91 1
79 92 15
79 93 14
80 94 13
80 95 12
80 96 11
80 97 10
81 98 9
81 99 8
81 25 6
82 26 5
82 27 4
82 28 3
82 29 2
83 30 1
83 31 15
83 32 14
83 33 13
84 34 12
84 35 11
84 36 10
84 37 9
85 38 8
85 39 7
85 40 6
85 41 5
86 42 4
86 43 3
86 44 2
86 45 1
87 46 15
87 47 14
88 51 10
88 52 9
88 53 8
89 54 7
89 55 6
89 56 5
89 57 4
90 58 3
90 59 2
90 60 1
90 61 15
91 62 14
91 63 13
92 67 9
92 68 8
92 69 7
93 70 6
93 71 5
93 72 4
93 73 3
95 78 13
95 79 12
95 80 11
96 83 8
96 84 7
96 85 6
97 86 5
97 89 2
98 90 1
98 91 15
98 92 14
98 93 13
99 96 10
99 97 9
