100
5 12
17 31
6 7
23 19
25 18
19 21
12 25
28 36
8 2
35 14
9 5
27 7
15 32
32 6
38 3
14 9
10 17
24 12
18 29
26 25
19 13
22 20
35 28
11 38
4 8
30 34
31 16
29 1
37 11
12 37
33 30
14 11
20 38
38 16
24 10
27 24
25 8
11 33
26 19
18 5
20 13
27 18
30 9
19 9
15 18
12 11
28 30
21 2
32 20
16 16
17 3
26 5
34 38
9 28
5 4
15 28
34 7
13 36
2 8
7 38
25 5
36 12
28 33
23 37
37 5
31 38
16 29
36 3
11 2
13 5
32 13
5 21
36 18
16 4
21 26
29 11
38 27
13 4
37 26
7 25
35 35
20 26
19 6
14 37
34 6
29 20
27 28
18 23
24 23
38 32
10 30
26 31
30 24
37 37
19 30
22 33
17 22
23 35
3 21
27 13
